0, 1, 0, 0, 1, 1, 0, 1, 
1, 0, 0, 0, 1, 0, 1, 1, 
0, 0, 0, 1, 1, 0, 0, 0, 
0, 0, 1, 0, 0, 1, 1, 0, 
1, 1, 1, 0, 0, 1, 1, 1, 
1, 0, 0, 1, 1, 0, 1, 1, 
0, 1, 0, 1, 1, 1, 0, 0, 
1, 1, 0, 0, 1, 1, 0, 0,  
 

1 2 3 4 5 6 7 8
4 4 2 3 6 5 4 4

5 màu 1
4
6 màu 2
2 3

1 màu 3
7
8 màu 4

1,2 -> 0,1
1,5-> 0,4
1,6->0,5
1`,8->0,7

2,5->1,4
2,7->1,6
2,8->1,7

3,4->2,3
3,5->2,4

4,6->3,5
4,7->3,6

5,6->4,5
5,7->4,6
5,8->4,7

6,8->5,7

4	0->5
5	1
6	2
7	3
1	2
0	3
3	1
2	4